62

-2 0 2 4 6 8 10 12 14 16 18 20 22 24 26 28 30 32 34 36 38 40 42 44 46 48 50 52 54 56 58 60 62 64 66 68 70 72 74 76 78 80 82 84 86 88 90 92 94 96 98 100 102 104 106 108 110 112 114 116 118 120

0 2 1 1
0 4 1 2
0 6 1 3
0 8 1 4
0 10 1 5
0 12 1 6
0 14 1 7
0 16 1 8
0 18 1 9
0 20 1 10
0 22 1 11
0 24 1 12
0 26 1 13
0 28 1 14
0 30 1 15
0 32 1 16
0 34 1 17
0 36 1 18
0 38 1 19
0 40 1 20
0 42 1 21
0 44 1 22
0 46 1 23
0 48 1 24
0 50 1 25
0 52 1 26
0 54 1 27
0 56 1 28
0 58 1 29
0 60 1 30
0 62 1 31
0 64 1 32
0 66 1 33
0 68 1 34
0 70 1 35
0 72 1 36
0 74 1 37
0 76 1 38
0 78 1 39
0 80 1 40
0 82 1 41
0 84 1 42
0 86 1 43
0 88 1 44
0 90 1 45
0 92 1 46
0 94 1 47
0 96 1 48
0 98 1 49
0 100 1 50
0 102 1 51
0 104 1 52
0 106 1 53
0 108 1 54
0 110 1 55
0 112 1 56
0 114 1 57
0 116 1 58
0 118 1 59
0 120 1 60
0 122 1 61
2 2 1 3
3 4 1 5
4 2 1 5
4 4 1 6
4 6 1 7
5 8 1 9
6 2 1 7
6 8 1 10
6 10 1 11
7 4 1 9
7 8 1 11
7 12 1 13
8 2 1 9
8 4 1 10
8 6 1 11
8 8 1 12
8 10 1 13
8 12 1 14
8 14 1 15
9 16 1 17
10 2 1 11
10 16 1 18
10 18 1 19
11 4 1 13
11 16 1 19
11 20 1 21
12 2 1 13
12 4 1 14
12 6 1 15
12 16 1 20
12 18 1 21
12 20 1 22
12 22 1 23
13 8 1 17
13 16 1 21
13 24 1 25
14 2 1 15
14 8 1 18
14 10 1 19
14 16 1 22
14 18 1 23
14 24 1 26
14 26 1 27
15 4 1 17
15 8 1 19
15 12 1 21
15 16 1 23
15 20 1 25
15 24 1 27
15 28 1 29
16 2 1 17
16 4 1 18
16 6 1 19
16 8 1 20
16 10 1 21
16 12 1 22
16 14 1 23
16 16 1 24
16 18 1 25
16 20 1 26
16 22 1 27
16 24 1 28
16 26 1 29
16 28 1 30
16 30 1 31
17 32 1 33
18 2 1 19
18 32 1 34
18 34 1 35
19 4 1 21
19 32 1 35
19 36 1 37
20 2 1 21
20 4 1 22
20 6 1 23
20 32 1 36
20 34 1 37
20 36 1 38
20 38 1 39
21 8 1 25
21 32 1 37
21 40 1 41
22 2 1 23
22 8 1 26
22 10 1 27
22 32 1 38
22 34 1 39
22 40 1 42
22 42 1 43
23 4 1 25
23 8 1 27
23 12 1 29
23 32 1 39
23 36 1 41
23 40 1 43
23 44 1 45
24 2 1 25
24 4 1 26
24 6 1 27
24 8 1 28
24 10 1 29
24 12 1 30
24 14 1 31
24 32 1 40
24 34 1 41
24 36 1 42
24 38 1 43
24 40 1 44
24 42 1 45
24 44 1 46
24 46 1 47
25 16 1 33
25 32 1 41
25 48 1 49
26 2 1 27
26 16 1 34
26 18 1 35
26 32 1 42
26 34 1 43
26 48 1 50
26 50 1 51
27 4 1 29
27 16 1 35
27 20 1 37
27 32 1 43
27 36 1 45
27 48 1 51
27 52 1 53
28 2 1 29
28 4 1 30
28 6 1 31
28 16 1 36
28 18 1 37
28 20 1 38
28 22 1 39
28 32 1 44
28 34 1 45
28 36 1 46
28 38 1 47
28 48 1 52
28 50 1 53
28 52 1 54
28 54 1 55
29 8 1 33
29 16 1 37
29 24 1 41
29 32 1 45
29 40 1 49
29 48 1 53
29 56 1 57
30 2 1 31
30 8 1 34
30 10 1 35
30 16 1 38
30 18 1 39
30 24 1 42
30 26 1 43
30 32 1 46
30 34 1 47
30 40 1 50
30 42 1 51
30 48 1 54
30 50 1 55
30 56 1 58
30 58 1 59
31 4 1 33
31 8 1 35
31 12 1 37
31 16 1 39
31 20 1 41
31 24 1 43
31 28 1 45
31 32 1 47
31 36 1 49
31 40 1 51
31 44 1 53
31 48 1 55
31 52 1 57
31 56 1 59
31 60 1 61
32 2 1 33
32 4 1 34
32 6 1 35
32 8 1 36
32 10 1 37
32 12 1 38
32 14 1 39
32 16 1 40
32 18 1 41
32 20 1 42
32 22 1 43
32 24 1 44
32 26 1 45
32 28 1 46
32 30 1 47
32 32 1 48
32 34 1 49
32 36 1 50
32 38 1 51
32 40 1 52
32 42 1 53
32 44 1 54
32 46 1 55
32 48 1 56
32 50 1 57
32 52 1 58
32 54 1 59
32 56 1 60
32 58 1 61
34 2 1 35
35 4 1 37
36 2 1 37
36 4 1 38
36 6 1 39
37 8 1 41
38 2 1 39
38 8 1 42
38 10 1 43
39 4 1 41
39 8 1 43
39 12 1 45
40 2 1 41
40 4 1 42
40 6 1 43
40 8 1 44
40 10 1 45
40 12 1 46
40 14 1 47
41 16 1 49
42 2 1 43
42 16 1 50
42 18 1 51
43 4 1 45
43 16 1 51
43 20 1 53
44 2 1 45
44 4 1 46
44 6 1 47
44 16 1 52
44 18 1 53
44 20 1 54
44 22 1 55
45 8 1 49
45 16 1 53
45 24 1 57
46 2 1 47
46 8 1 50
46 10 1 51
46 16 1 54
46 18 1 55
46 24 1 58
46 26 1 59
47 4 1 49
47 8 1 51
47 12 1 53
47 16 1 55
47 20 1 57
47 24 1 59
47 28 1 61
48 2 1 49
48 4 1 50
48 6 1 51
48 8 1 52
48 10 1 53
48 12 1 54
48 14 1 55
48 16 1 56
48 18 1 57
48 20 1 58
48 22 1 59
48 24 1 60
48 26 1 61
50 2 1 51
51 4 1 53
52 2 1 53
52 4 1 54
52 6 1 55
53 8 1 57
54 2 1 55
54 8 1 58
54 10 1 59
55 4 1 57
55 8 1 59
55 12 1 61
56 2 1 57
56 4 1 58
56 6 1 59
56 8 1 60
56 10 1 61
58 2 1 59
59 4 1 61
60 2 1 61
