100
1 2 3 4 5 6 7 8 9 10 11 12 13 14 15 16 17 18 19 20 21 22 23 24 25 26 27 28 29 30 31 32 33 34 35 36 37 38 39 40 41 42 43 44 45 46 47 48 49 50 51 52 53 54 55 56 57 58 59 60 61 62 63 64 65 66 67 68 69 70 71 72 73 74 75 76 77 78 79 80 81 82 83 84 85 86 87 88 89 90 91 92 93 94 95 96 97 98 99 100 
0 1 1 1
1 2 1 3
2 1 1 3
2 2 1 4
2 3 1 5
3 4 1 7
4 1 1 5
4 4 1 8
4 5 1 9
5 2 1 7
5 4 1 9
5 6 1 11
6 1 1 7
6 2 1 8
6 3 1 9
6 4 1 10
6 5 1 11
6 6 1 12
6 7 1 13
7 8 1 15
8 1 1 9
8 8 1 16
8 9 1 17
9 2 1 11
9 8 1 17
9 10 1 19
10 1 1 11
10 2 1 12
10 3 1 13
10 8 1 18
10 9 1 19
10 10 1 20
10 11 1 21
11 4 1 15
11 8 1 19
11 12 1 23
12 1 1 13
12 4 1 16
12 5 1 17
12 8 1 20
12 9 1 21
12 12 1 24
12 13 1 25
13 2 1 15
13 4 1 17
13 6 1 19
13 8 1 21
13 10 1 23
13 12 1 25
13 14 1 27
14 1 1 15
14 2 1 16
14 3 1 17
14 4 1 18
14 5 1 19
14 6 1 20
14 7 1 21
14 8 1 22
14 9 1 23
14 10 1 24
14 11 1 25
14 12 1 26
14 13 1 27
14 14 1 28
14 15 1 29
15 16 1 31
16 1 1 17
16 16 1 32
16 17 1 33
17 2 1 19
17 16 1 33
17 18 1 35
18 1 1 19
18 2 1 20
18 3 1 21
18 16 1 34
18 17 1 35
18 18 1 36
18 19 1 37
19 4 1 23
19 16 1 35
19 20 1 39
20 1 1 21
20 4 1 24
20 5 1 25
20 16 1 36
20 17 1 37
20 20 1 40
20 21 1 41
21 2 1 23
21 4 1 25
21 6 1 27
21 16 1 37
21 18 1 39
21 20 1 41
21 22 1 43
22 1 1 23
22 2 1 24
22 3 1 25
22 4 1 26
22 5 1 27
22 6 1 28
22 7 1 29
22 16 1 38
22 17 1 39
22 18 1 40
22 19 1 41
22 20 1 42
22 21 1 43
22 22 1 44
22 23 1 45
23 8 1 31
23 16 1 39
23 24 1 47
24 1 1 25
24 8 1 32
24 9 1 33
24 16 1 40
24 17 1 41
24 24 1 48
24 25 1 49
25 2 1 27
25 8 1 33
25 10 1 35
25 16 1 41
25 18 1 43
25 24 1 49
25 26 1 51
26 1 1 27
26 2 1 28
26 3 1 29
26 8 1 34
26 9 1 35
26 10 1 36
26 11 1 37
26 16 1 42
26 17 1 43
26 18 1 44
26 19 1 45
26 24 1 50
26 25 1 51
26 26 1 52
26 27 1 53
27 4 1 31
27 8 1 35
27 12 1 39
27 16 1 43
27 20 1 47
27 24 1 51
27 28 1 55
28 1 1 29
28 4 1 32
28 5 1 33
28 8 1 36
28 9 1 37
28 12 1 40
28 13 1 41
28 16 1 44
28 17 1 45
28 20 1 48
28 21 1 49
28 24 1 52
28 25 1 53
28 28 1 56
28 29 1 57
29 2 1 31
29 4 1 33
29 6 1 35
29 8 1 37
29 10 1 39
29 12 1 41
29 14 1 43
29 16 1 45
29 18 1 47
29 20 1 49
29 22 1 51
29 24 1 53
29 26 1 55
29 28 1 57
29 30 1 59
30 1 1 31
30 2 1 32
30 3 1 33
30 4 1 34
30 5 1 35
30 6 1 36
30 7 1 37
30 8 1 38
30 9 1 39
30 10 1 40
30 11 1 41
30 12 1 42
30 13 1 43
30 14 1 44
30 15 1 45
30 16 1 46
30 17 1 47
30 18 1 48
30 19 1 49
30 20 1 50
30 21 1 51
30 22 1 52
30 23 1 53
30 24 1 54
30 25 1 55
30 26 1 56
30 27 1 57
30 28 1 58
30 29 1 59
30 30 1 60
30 31 1 61
31 32 1 63
32 1 1 33
32 32 1 64
32 33 1 65
33 2 1 35
33 32 1 65
33 34 1 67
34 1 1 35
34 2 1 36
34 3 1 37
34 32 1 66
34 33 1 67
34 34 1 68
34 35 1 69
35 4 1 39
35 32 1 67
35 36 1 71
36 1 1 37
36 4 1 40
36 5 1 41
36 32 1 68
36 33 1 69
36 36 1 72
36 37 1 73
37 2 1 39
37 4 1 41
37 6 1 43
37 32 1 69
37 34 1 71
37 36 1 73
37 38 1 75
38 1 1 39
38 2 1 40
38 3 1 41
38 4 1 42
38 5 1 43
38 6 1 44
38 7 1 45
38 32 1 70
38 33 1 71
38 34 1 72
38 35 1 73
38 36 1 74
38 37 1 75
38 38 1 76
38 39 1 77
39 8 1 47
39 32 1 71
39 40 1 79
40 1 1 41
40 8 1 48
40 9 1 49
40 32 1 72
40 33 1 73
40 40 1 80
40 41 1 81
41 2 1 43
41 8 1 49
41 10 1 51
41 32 1 73
41 34 1 75
41 40 1 81
41 42 1 83
42 1 1 43
42 2 1 44
42 3 1 45
42 8 1 50
42 9 1 51
42 10 1 52
42 11 1 53
42 32 1 74
42 33 1 75
42 34 1 76
42 35 1 77
42 40 1 82
42 41 1 83
42 42 1 84
42 43 1 85
43 4 1 47
43 8 1 51
43 12 1 55
43 32 1 75
43 36 1 79
43 40 1 83
43 44 1 87
44 1 1 45
44 4 1 48
44 5 1 49
44 8 1 52
44 9 1 53
44 12 1 56
44 13 1 57
44 32 1 76
44 33 1 77
44 36 1 80
44 37 1 81
44 40 1 84
44 41 1 85
44 44 1 88
44 45 1 89
45 2 1 47
45 4 1 49
45 6 1 51
45 8 1 53
45 10 1 55
45 12 1 57
45 14 1 59
45 32 1 77
45 34 1 79
45 36 1 81
45 38 1 83
45 40 1 85
45 42 1 87
45 44 1 89
45 46 1 91
46 1 1 47
46 2 1 48
46 3 1 49
46 4 1 50
46 5 1 51
46 6 1 52
46 7 1 53
46 8 1 54
46 9 1 55
46 10 1 56
46 11 1 57
46 12 1 58
46 13 1 59
46 14 1 60
46 15 1 61
46 32 1 78
46 33 1 79
46 34 1 80
46 35 1 81
46 36 1 82
46 37 1 83
46 38 1 84
46 39 1 85
46 40 1 86
46 41 1 87
46 42 1 88
46 43 1 89
46 44 1 90
46 45 1 91
46 46 1 92
46 47 1 93
47 16 1 63
47 32 1 79
47 48 1 95
48 1 1 49
48 16 1 64
48 17 1 65
48 32 1 80
48 33 1 81
48 48 1 96
48 49 1 97
49 2 1 51
49 16 1 65
49 18 1 67
49 32 1 81
49 34 1 83
49 48 1 97
49 50 1 99
50 1 1 51
50 2 1 52
50 3 1 53
50 16 1 66
50 17 1 67
50 18 1 68
50 19 1 69
50 32 1 82
50 33 1 83
50 34 1 84
50 35 1 85
50 48 1 98
50 49 1 99
51 4 1 55
51 16 1 67
51 20 1 71
51 32 1 83
51 36 1 87
51 48 1 99
52 1 1 53
52 4 1 56
52 5 1 57
52 16 1 68
52 17 1 69
52 20 1 72
52 21 1 73
52 32 1 84
52 33 1 85
52 36 1 88
52 37 1 89
53 2 1 55
53 4 1 57
53 6 1 59
53 16 1 69
53 18 1 71
53 20 1 73
53 22 1 75
53 32 1 85
53 34 1 87
53 36 1 89
53 38 1 91
54 1 1 55
54 2 1 56
54 3 1 57
54 4 1 58
54 5 1 59
54 6 1 60
54 7 1 61
54 16 1 70
54 17 1 71
54 18 1 72
54 19 1 73
54 20 1 74
54 21 1 75
54 22 1 76
54 23 1 77
54 32 1 86
54 33 1 87
54 34 1 88
54 35 1 89
54 36 1 90
54 37 1 91
54 38 1 92
54 39 1 93
55 8 1 63
55 16 1 71
55 24 1 79
55 32 1 87
55 40 1 95
56 1 1 57
56 8 1 64
56 9 1 65
56 16 1 72
56 17 1 73
56 24 1 80
56 25 1 81
56 32 1 88
56 33 1 89
56 40 1 96
56 41 1 97
57 2 1 59
57 8 1 65
57 10 1 67
57 16 1 73
57 18 1 75
57 24 1 81
57 26 1 83
57 32 1 89
57 34 1 91
57 40 1 97
57 42 1 99
58 1 1 59
58 2 1 60
58 3 1 61
58 8 1 66
58 9 1 67
58 10 1 68
58 11 1 69
58 16 1 74
58 17 1 75
58 18 1 76
58 19 1 77
58 24 1 82
58 25 1 83
58 26 1 84
58 27 1 85
58 32 1 90
58 33 1 91
58 34 1 92
58 35 1 93
58 40 1 98
58 41 1 99
59 4 1 63
59 8 1 67
59 12 1 71
59 16 1 75
59 20 1 79
59 24 1 83
59 28 1 87
59 32 1 91
59 36 1 95
59 40 1 99
60 1 1 61
60 4 1 64
60 5 1 65
60 8 1 68
60 9 1 69
60 12 1 72
60 13 1 73
60 16 1 76
60 17 1 77
60 20 1 80
60 21 1 81
60 24 1 84
60 25 1 85
60 28 1 88
60 29 1 89
60 32 1 92
60 33 1 93
60 36 1 96
60 37 1 97
61 2 1 63
61 4 1 65
61 6 1 67
61 8 1 69
61 10 1 71
61 12 1 73
61 14 1 75
61 16 1 77
61 18 1 79
61 20 1 81
61 22 1 83
61 24 1 85
61 26 1 87
61 28 1 89
61 30 1 91
61 32 1 93
61 34 1 95
61 36 1 97
61 38 1 99
62 1 1 63
62 2 1 64
62 3 1 65
62 4 1 66
62 5 1 67
62 6 1 68
62 7 1 69
62 8 1 70
62 9 1 71
62 10 1 72
62 11 1 73
62 12 1 74
62 13 1 75
62 14 1 76
62 15 1 77
62 16 1 78
62 17 1 79
62 18 1 80
62 19 1 81
62 20 1 82
62 21 1 83
62 22 1 84
62 23 1 85
62 24 1 86
62 25 1 87
62 26 1 88
62 27 1 89
62 28 1 90
62 29 1 91
62 30 1 92
62 31 1 93
62 32 1 94
62 33 1 95
62 34 1 96
62 35 1 97
62 36 1 98
62 37 1 99
64 1 1 65
65 2 1 67
66 1 1 67
66 2 1 68
66 3 1 69
67 4 1 71
68 1 1 69
68 4 1 72
68 5 1 73
69 2 1 71
69 4 1 73
69 6 1 75
70 1 1 71
70 2 1 72
70 3 1 73
70 4 1 74
70 5 1 75
70 6 1 76
70 7 1 77
71 8 1 79
72 1 1 73
72 8 1 80
72 9 1 81
73 2 1 75
73 8 1 81
73 10 1 83
74 1 1 75
74 2 1 76
74 3 1 77
74 8 1 82
74 9 1 83
74 10 1 84
74 11 1 85
75 4 1 79
75 8 1 83
75 12 1 87
76 1 1 77
76 4 1 80
76 5 1 81
76 8 1 84
76 9 1 85
76 12 1 88
76 13 1 89
77 2 1 79
77 4 1 81
77 6 1 83
77 8 1 85
77 10 1 87
77 12 1 89
77 14 1 91
78 1 1 79
78 2 1 80
78 3 1 81
78 4 1 82
78 5 1 83
78 6 1 84
78 7 1 85
78 8 1 86
78 9 1 87
78 10 1 88
78 11 1 89
78 12 1 90
78 13 1 91
78 14 1 92
78 15 1 93
79 16 1 95
80 1 1 81
80 16 1 96
80 17 1 97
81 2 1 83
81 16 1 97
81 18 1 99
82 1 1 83
82 2 1 84
82 3 1 85
82 16 1 98
82 17 1 99
83 4 1 87
83 16 1 99
84 1 1 85
84 4 1 88
84 5 1 89
85 2 1 87
85 4 1 89
85 6 1 91
86 1 1 87
86 2 1 88
86 3 1 89
86 4 1 90
86 5 1 91
86 6 1 92
86 7 1 93
87 8 1 95
88 1 1 89
88 8 1 96
88 9 1 97
89 2 1 91
89 8 1 97
89 10 1 99
90 1 1 91
90 2 1 92
90 3 1 93
90 8 1 98
90 9 1 99
91 4 1 95
91 8 1 99
92 1 1 93
92 4 1 96
92 5 1 97
93 2 1 95
93 4 1 97
93 6 1 99
94 1 1 95
94 2 1 96
94 3 1 97
94 4 1 98
94 5 1 99
96 1 1 97
97 2 1 99
98 1 1 99
